2807901 2807901 0.6299139790972008
2807901 2807902 0.5483202107091821
2807901 2807903 0.42444450671075123
2807901 2807904 0.4482333492112416
2807901 2807907 0.6809100843397126
2807901 2807909 0.5418196082826642
2807901 2807910 0.4040180447757012
2807901 2807911 0.3660791840623161
2807902 2807901 0.6956765389896047
2807902 2807902 0.5891451147412368
2807902 2807903 0.5086721398750316
2807902 2807909 0.3555997646333604
2807902 2807910 0.35209728487769343
2807902 2807911 0.5789458936927344
2807902 2807912 0.5801787665667293
2807902 2807913 0.3229846731485892
2807903 2807901 0.530303454846031
2807903 2807902 0.4331026366667601
2807903 2807903 0.5414273305500295
2807903 2807904 0.5704278629269522
2807903 2807913 0.5624141892459862
2807903 2807914 0.43876264395191794
2807904 2807901 0.3952758553055563
2807904 2807903 0.45563058645521026
2807904 2807904 0.5610412171817647
2807904 2807905 0.5725853904564432
2807904 2807907 0.5217293844041582
2807904 2807914 0.30656504805402224
2807904 2807915 0.573650144302166
2807907 2807901 0.6675166017540418
2807907 2807904 0.5243072095043291
2807907 2807905 0.4736473423183614
2807907 2807906 0.5321807839950685
2807907 2807907 0.5728936086749419
2807907 2807909 0.5435288184034296
2807909 2807901 0.605508700159713
2807909 2807906 0.56106923701981
2807909 2807907 0.6582140155229903
2807909 2807908 0.6572613410294489
2807909 2807909 0.7848917033259548
2807909 2807910 0.5733979657597579
2807910 2807901 0.6510969766594749
2807910 2807902 0.48124071842864746
2807910 2807904 0.34273865897055117
2807910 2807905 0.35251758244837345
2807910 2807907 0.3964246686654151
2807910 2807909 0.7582168175067948
2807910 2807910 0.8447140575527473
2807910 2807911 0.786909131665219
2807911 2807901 0.5071870884586287
2807911 2807902 0.6582980750371263
2807911 2807905 0.32430160553672
2807911 2807907 0.3101235674857799
2807911 2807909 0.35492728852027233
2807911 2807910 0.7471489814788871
2807911 2807911 0.855277536495839
2807911 2807912 0.7096864580122727
2807911 2807917 0.327299728207571
2807912 2807901 0.36773235450699093
2807912 2807902 0.6306144750483342
2807912 2807911 0.65569223009891
2807912 2807912 0.6728123511446104
2807912 2807913 0.4513995909103645
2807912 2807917 0.6065734540054358
2807913 2807901 0.35515144722463504
2807913 2807902 0.5718008349911737
2807913 2807903 0.7274230154949705
2807913 2807904 0.3521253047157387
2807913 2807912 0.5631987447112555
2807913 2807913 0.8489730729356384
2807913 2807914 0.6088710807251534
2807913 2807917 0.45955336378155737
2807913 2807918 0.7567037462523467
2807913 2807919 0.4554904872649836
2807914 2807903 0.5576788366163243
2807914 2807904 0.47919527025133796
2807914 2807913 0.6046400851803077
2807914 2807914 0.5317324665863431
2807914 2807915 0.4859200313822186
2807914 2807919 0.4232676735128471
2807914 2807920 0.34212222253355373
2807905 2807904 0.5922833366023145
2807905 2807905 0.6839362268486088
2807905 2807906 0.5016391605256522
2807905 2807907 0.49208439575219254
2807905 2807908 0.5425201042337975
2807905 2807915 0.5379248507943624
2807905 2807916 0.473030905881364
2807915 2807903 0.43587660063324835
2807915 2807904 0.779988231668021
2807915 2807905 0.68236711591807
2807915 2807908 0.38661772534954747
2807915 2807914 0.6014458236431394
2807915 2807915 0.763736725601726
2807915 2807916 0.5742946005772087
2807915 2807919 0.3232928913670879
2807915 2807920 0.7265263806775197
2807906 2807905 0.6299139790972008
2807906 2807906 0.6313149709994677
2807906 2807907 0.6475384572277172
2807906 2807908 0.783742889966096
2807906 2807909 0.5892291742553728
2807908 2807901 0.33528538205049174
2807908 2807905 0.5366919779203676
2807908 2807906 0.7352965899857099
2807908 2807907 0.3518731261733307
2807908 2807908 1.0
2807908 2807909 0.6739051248283785
2807908 2807915 0.3256185379248508
2807908 2807916 0.6788085964863123
2807916 2807905 0.5457143657709659
2807916 2807908 0.6577656981142649
2807916 2807915 0.6217882260640534
2807916 2807916 0.8937487741320855
2807916 2807920 0.574238560901118
2807916 2807921 0.527809689259996
2807917 2807901 0.3011852391493177
2807917 2807911 0.3076017820616997
2807917 2807912 0.6354619070301774
2807917 2807913 0.3361820168679425
2807917 2807917 0.864860321107344
2807917 2807918 0.4442825520468492
2807918 2807901 0.3144386225447617
2807918 2807913 0.7242287539578022
2807918 2807917 0.48160497632323684
2807918 2807918 0.861021603295133
2807918 2807919 0.6233293171565468
2807919 2807913 0.443021659334809
2807919 2807914 0.43276639861021604
2807919 2807918 0.5663369665723332
2807919 2807919 0.740144021967553
2807919 2807920 0.5838493653506682
2807920 2807904 0.30589257194093417
2807920 2807908 0.34523242455658604
2807920 2807914 0.33388439014822496
2807920 2807915 0.7259940037546583
2807920 2807916 0.5776289613046036
2807920 2807919 0.6866821709770518
2807920 2807920 0.8766566729244305
2807920 2807921 0.6331923001485051
2807921 2807916 0.5660847880299252
2807921 2807920 0.526632856062092
2807921 2807921 0.7639608843060887
